00011110011100110010001
00100011010001100010000
10000101001111110000101
10000110101110010000001
00100111111001101011101
00101000010010011010100
00000010101000101011011
00111111100110010110000
01010100111000010000010
00100010000110101111001
01111010001101101000111
00110011001010111111100
00100000000010011001000
00000010010000000001001
01000001000011000111111
11010111011000110101011
11000011110100101110011
01110011111010001110011
01111111010010100110011
10010001011101011111010
11111100000110010100110
11100010111001101010111
01010001110001110100111
10101010011101001110001
11100110010111011101110
10011000010100011011101
00101111111011000000010
01000101011001010101010
11000000001101110011100
00111111110011010010010
10110011001101010110000
01011100011100011000010
00010001010110000000000
10110001000101100001110
00010110100001001011110
10010000000001110100110
10111111001111100100011
00110110111111101001001
01110100001001010011101
00010110111001001011001
00101111110111000011101
00111010000101101010111
00000101101100100111010
00000100011001111000110
10110110110110001111000
10010011111010101001110
10111101101000000101100
01001010111010000111111
10000000110111111100000
11001110100100101000010
11001010011000100010000
01101101010001100100101
01011111011010100001010
00100010000011011100100
00101010010001111111010
00111000100010011110011
00001100111101010011011
11001100001010001000001
01111010001101110001011
11001011111110011101011
10101101001100001110101
01010010000001010000100
10100111111000010101100
10011000100111100010000
