11100100011010101010001
10001100111000001111011
10001101001111101111010
00000011111101001100110
10010011010110101000111
00001000001100001000110
01001010111101110100110
00010010011010101100011
00101001101101111100101
01100101100101110010101
01100010001000110001010
00110111000101101010110
10101011111110111000111
11100101010011101111011
00000001011100100100010
00010101011001100101000
10111010001000001000111
11111001100011111100010
10010111110001111111100
10100010001011011010000
01010111100110100000111
10110011100001110111010
11111011111010011111011
10111011111000010101000
11101011100110001001100
01101010101110100010100
01111000110111101001100
10110100000111011001100
01100010010000101000010
00001110011011000010101
00101000101101101110011
01000010001000010011101
00010111011011100000110
10011110101000100101101
00000110110010001011111
11010001010001001000101
11011001010000100010100
10001001111111001011101
01100000000100111011001
11000101100001001110011
10001100100100100011011
11010010110010011010001
01100010001100100110101
00010110100101110011000
10011000010101110011001
10010111001011011011000
01101010010111100001001
11111100111000000100110
11010100101101010101101
00110001011101001101010
10111011101010010000101
11010100001011100001010
11110001011100110010100
10000001100010101101100
01001001010111001101001
01000011111111011101101
00100111010111000110010
01101101111011000111010
11100010010011011100100
10011011100000011011000
00011011101100101010000
10011011111000101000011
00010000111110100110100
00010100010010110001110
