10111100100000100110001
01001100110110000111001
01001010001000000010001
11101010111111101110000
00110111011001001110110
01101101010111010101010
11100011100110010001010
11011000011010001011011
11000000110001011011011
10010001111111011101011
11100101111111000011101
00110101000101001110110
11000011010011001110101
11101111000110011010101
11010000101001011101111
01000100111110010001010
01011111001100101100011
11010001000010111101100
01101100001001111010011
10100011101000100000111
11010010000000110110101
00011001111001001110111
11000000101001010001011
00110011011011000001110
11010110011111111111001
00010100101111100010011
11100110001000010101100
01110000111011000110011
00011110011000000111100
10010010010110100010110
11000000010010100110101
00110011100000001111101
11100100001111011001111
10110011100111100001011
10111101100000010000100
01110111000110100011010
01101011001010011011100
01010000111010010010001
00001100110010100011001
11101011010010001100011
10010010110000100011011
10010101001100111011111
11010010100011110011110
10001010010101011110101
10101011001100001111011
11011011110000010110111
00101100111101100111011
01000011000010111001000
01001010010110101011000
01000110001101111110110
10110011011010100001110
10010010001100111110011
00110011101001011111101
11110010101000000011110
01011011111001100110000
11100101000010000101111
11101101001000000111101
01100001100111100000100
11010110001110111010101
01010100110100111110110
00100110010111101000010
00001100000110101000010
11111010111111011010111
01110101110010000011001
