10100011101111000011100
11001010110011100001001
10001001111000101101110
10011010010110101110000
00000111010101010011011
00010000000101100100000
10000000000100000111010
10100010010000011111000
10010010010110100010101
10110011000101011111101
00010010010111000100001
10011001101010011000111
00001011100000010000101
01101111111101001100101
00011001111101110010100
11111111011101001001001
11110111011110101011100
11010101110001100110001
11000100100001100010011
01101101001101001101011
10111111000100000101111
10001111000110100100011
00110011001011111111011
00101000110101101010111
11110010101001111000011
10101100101001011010100
10101110111110011101000
01100111001100011101100
10110011100000000100111
00100010010111100101101
01010110000110111011001
11000011001110111110001
01100000100101001000110
11001110000000001110000
00110100111101101110110
00010101001000000001000
11101100100000000100011
11011110111000100001010
00100011010110101010101
00100001000010110100001
01100001001110000110110
01011011100110110000110
11000010010110100110100
01000110010001101011001
00110100100000000101010
01011011000010011010011
10000001000111011110111
11101000100000000101100
11011011000101000010001
10100110010001000011001
11110010111001001000000
01001000100001101101100
01010000010111000100011
10000100101000000001100
01101010001011101001101
11111101010110010100100
00011011111000111011011
01110101111010001011101
11011001001001010000100
01011011010000001011001
11001010101111110101000
00000010111001111100001
11111010010101011111010
11110011011111010010110
