11111111101111111111111
11111111101111111111111
11111111101111111111111
00000000000000000000010
11111111110000000000000
00000000000000000000010
00000000000000000000010
00000000000000000000000
00000000000000000000000
11111111110000000000000
00000000000000000000001
11111111110000000000000
00000000000000000000001
00000000000000000000000
11111111101111111111111
11111111101111111111111
00000000000000000000001
00000000000000000000001
00000000000000000000001
11111111110000000000000
11111111110000000000000
00000000000000000000001
00000000000000000000010
00000000000000000000000
00000000000000000000001
00000000000000000000001
00000000000000000000000
00000000000000000000001
00000000000000000000001
00000000000000000000000
11111111110000000000000
11111111110000000000000
00000000000000000000000
00000000000000000000000
00000000000000000000001
00000000000000000000001
00000000000000000000010
11111111110000000000000
00000000000000000000001
11111111101111111111111
00000000000000000000001
11111111110000000000000
11111111101111111111111
11111111110000000000000
00000000000000000000001
00000000000000000000000
11111111110000000000000
00000000000000000000001
00000000000000000000001
00000000000000000000010
00000000000000000000000
11111111110000000000000
00000000000000000000000
11111111110000000000000
00000000000000000000000
00000000000000000000000
00000000000000000000000
00000000000000000000001
11111111101111111111111
00000000000000000000010
00000000000000000000000
11111111110000000000000
00000000000000000000010
11111111110000000000000
