00011110011100110010001
10111100100000100110001
11100100011010101010001
10100011101111000011100
01001100110110000111001
10001100111000001111011
11001010110011100001001
00100011010001100010000
10001101001111101111010
10001001111000101101110
10000101001111110000101
01001010001000000010001
10011010010110101110000
10000110101110010000001
11101010111111101110000
00000011111101001100110
00110111011001001110110
10010011010110101000111
00000111010101010011011
00100111111001101011101
00001000001100001000110
00010000000101100100000
00101000010010011010100
01101101010111010101010
10000000000100000111010
00000010101000101011011
11100011100110010001010
01001010111101110100110
00111111100110010110000
11011000011010001011011
00010010011010101100011
10100010010000011111000
00101001101101111100101
10010010010110100010101
01010100111000010000010
11000000110001011011011
10110011000101011111101
00100010000110101111001
10010001111111011101011
01100101100101110010101
01111010001101101000111
11100101111111000011101
01100010001000110001010
00010010010111000100001
00110101000101001110110
00110111000101101010110
10011001101010011000111
00110011001010111111100
00001011100000010000101
00100000000010011001000
11000011010011001110101
10101011111110111000111
00000010010000000001001
11101111000110011010101
11100101010011101111011
01101111111101001100101
11010000101001011101111
00000001011100100100010
00011001111101110010100
01000001000011000111111
00010101011001100101000
11111111011101001001001
11010111011000110101011
01000100111110010001010
01011111001100101100011
10111010001000001000111
11110111011110101011100
11000011110100101110011
11111001100011111100010
11010101110001100110001
01110011111010001110011
11010001000010111101100
11000100100001100010011
01111111010010100110011
01101100001001111010011
10010111110001111111100
10010001011101011111010
10100011101000100000111
10100010001011011010000
01101101001101001101011
01010111100110100000111
10111111000100000101111
11111100000110010100110
11010010000000110110101
10001111000110100100011
11100010111001101010111
00011001111001001110111
10110011100001110111010
01010001110001110100111
11000000101001010001011
11111011111010011111011
00110011001011111111011
00110011011011000001110
10111011111000010101000
00101000110101101010111
10101010011101001110001
11110010101001111000011
11100110010111011101110
11010110011111111111001
11101011100110001001100
10011000010100011011101
00010100101111100010011
01101010101110100010100
10101100101001011010100
11100110001000010101100
01111000110111101001100
10101110111110011101000
00101111111011000000010
10110100000111011001100
01100111001100011101100
01000101011001010101010
01110000111011000110011
11000000001101110011100
00011110011000000111100
01100010010000101000010
10110011100000000100111
10010010010110100010110
00001110011011000010101
00100010010111100101101
00111111110011010010010
00101000101101101110011
01010110000110111011001
10110011001101010110000
11000000010010100110101
11000011001110111110001
01011100011100011000010
00110011100000001111101
01000010001000010011101
00010111011011100000110
01100000100101001000110
00010001010110000000000
11100100001111011001111
11001110000000001110000
10110001000101100001110
10110011100111100001011
10011110101000100101101
00010110100001001011110
10111101100000010000100
00000110110010001011111
00110100111101101110110
01110111000110100011010
11010001010001001000101
00010101001000000001000
10010000000001110100110
11101100100000000100011
10111111001111100100011
01101011001010011011100
11011001010000100010100
00110110111111101001001
01010000111010010010001
10001001111111001011101
11011110111000100001010
00001100110010100011001
01100000000100111011001
00100011010110101010101
01110100001001010011101
11000101100001001110011
00100001000010110100001
00010110111001001011001
11101011010010001100011
00101111110111000011101
10010010110000100011011
10001100100100100011011
01100001001110000110110
10010101001100111011111
11010010110010011010001
01011011100110110000110
00111010000101101010111
01100010001100100110101
11000010010110100110100
00000101101100100111010
11010010100011110011110
01000110010001101011001
00000100011001111000110
10001010010101011110101
00010110100101110011000
10101011001100001111011
10011000010101110011001
00110100100000000101010
10110110110110001111000
10010111001011011011000
01011011000010011010011
10010011111010101001110
11011011110000010110111
10000001000111011110111
10111101101000000101100
00101100111101100111011
01101010010111100001001
01001010111010000111111
01000011000010111001000
11111100111000000100110
11101000100000000101100
11011011000101000010001
10000000110111111100000
01001010010110101011000
11010100101101010101101
11001110100100101000010
01000110001101111110110
00110001011101001101010
10100110010001000011001
10110011011010100001110
10111011101010010000101
11110010111001001000000
11001010011000100010000
11010100001011100001010
01001000100001101101100
01101101010001100100101
10010010001100111110011
01011111011010100001010
00110011101001011111101
11110001011100110010100
01010000010111000100011
11110010101000000011110
10000001100010101101100
10000100101000000001100
00100010000011011100100
01001001010111001101001
01101010001011101001101
00101010010001111111010
01011011111001100110000
11111101010110010100100
00111000100010011110011
11100101000010000101111
01000011111111011101101
11101101001000000111101
00100111010111000110010
00011011111000111011011
00001100111101010011011
01101101111011000111010
01110101111010001011101
11001100001010001000001
01100001100111100000100
11011001001001010000100
01111010001101110001011
11010110001110111010101
11100010010011011100100
11001011111110011101011
01010100110100111110110
10011011100000011011000
01011011010000001011001
00011011101100101010000
11001010101111110101000
10101101001100001110101
00100110010111101000010
00000010111001111100001
01010010000001010000100
00001100000110101000010
10011011111000101000011
10100111111000010101100
11111010111111011010111
00010000111110100110100
11111010010101011111010
01110101110010000011001
00010100010010110001110
11110011011111010010110
10011000100111100010000
