011100101110101011001111001001010111100000001001110010110010101101001,
111011010110001101011101001111000001100010101101110010111001010000011,
011100101110010100000111001111111000000011001101101100000110111010101,
010100011101101101100001010011110111110111001111011010011110111001000,
000100010000001100100101001111000001100110101110101101111001001010001,
011011011110111001010101001100011100101001010001101000001110000011101,
101000001101000010111110101000101000111101001011001011010110100000101,
010100111010001001111111000001111000001011010010010010101010100111111,
011100010000111111101111100110010100101000101010001101000110100001011,
011010000011100000111011001110100111110001110110100000110100001011111,
011100101010010111101100100101011100011101111101100001001000100011110,
111001101100110100000010011010001010000111011100100011011001011000011,
110010110101101000001010010110010010011110111010101100000111011000010,
000011000000011101001001001010000110001010011101011001000001111011010,
001111110011101000101010001010010100101110111001100001011011000100010,
001000010110111001011001111001010000000011010000111000101101101110000,
011000101110111111101001101011011111011000000111101110110000011001001,
101001110101010010111111110110000100011011110100100001011011100101100,
010110010000011110110100101010111101101001011110000101000110011010100,
000100001111111001110001001001001010111011011111110011101110001011101,
011001100001110001010110100010110110001101010110011100110100000001101,
000000000000110110110010101110111000111111000111001110001101011000111,
010100010011000001110001010111101010010011000000010000000111001101101,
101011101001011001111000010011011111101011100111000001101011101110010,
111111011111000111101010111010110001101110111111101101110111000000000,
111111101110011010111010100110010010001011010001111001011110100110111,
110000110101011100110000011101100100001010001000100011100000101001110,
000111101100110110101010011110111100100101011000110100100101101011101,
100001101111111001100011000101101001101101010011001100111011011011011,
001001000001010001000110111111110101010100110000001111100000000010111,
100001101111111111110001010000001111101110000100111100110110100111110,
000100110110111111111111001110101100101110101011000111110000111100011,
100110111000000010011101111011101100010111010110110011101110001000100,
110011000101001011000000101010111001011001101101010000110011110111010,
100100110110000111000111101110111100011111010101111110100110011110101,
010100011011110000001101010010010110001001110001011100100101010001110,
111110000001101101100110111111011100101000100011101000110111111111000,
110011100011010110001111011000100001001100110011111110111001101011101,
000100011110010000000011011011011000111101000010000110111111100110001,
101101110100100111111110011011010010000010011110110100110110110000000,
000100000001110011011011011101011110000111101000111100011010001101001,
101000110010101011100111101011110001001101001101010001001100000111000,
101100000000001100011000101110010100110100110011000100101011111000101,
010100001100111101110100100101100011101100101101010100100111001111000,
000101101110000000010010001001011110100110110001010001001010011000101,
110100101010110100010000110101001000100101111010010011011000011100011,
000011111000000000101111101100000010011101000110010111101010101111001,
010011000000011101111011000000000011000111111010110100110100010110000,
111010011010000101111011011011110101010011001010101110000000111111011,
011110010111101001101110111011100010000010000000010011011011111111111,
001100101101001001001100101100101001001111100010111001101010110110100,
110011100111001010101111101101001010000101110011011011101010111011110,
001000111000001010011100110011011111001010101001100100001111110110011,
100000010011011101010010010111010100010000001010111101000100010000101,
010010001101110001110010010001100001111011101001011001010010111100110,
010000101110110001010100000111010111010101100110111100110100101000010,
111101111000111010110011010010101011001010100101011011111111100010100,
010110110111111110010111000000010011001110100001100110101001011010110,
110101100110011011101010011110010101001110011011111111011000110011010,
111111010000011001011001001010101001011000001011101000001111001111000,
110101111100001110011001001111000101101100000100101001110100110010101,
011100100101101101100101110111001111101001111000111001111111000010100,
011000011000011000111000100101100100101110110001101011110000111011101,
001001011101011011001110000010100101101101100011101001011011011010111,
001001100100011001011101001100111111110001001001111001010010101010101,
111100011100000000011010011010011111100111100100001111100000011110001,
001111100011101011010001001110010010000001011101101000101100000100100,
011110110100110000001000000011100101111000111110100000111110011101011,
111001101100001101110000110001101110000101100111111011011110000101101,
011110011110100001011110010100101100101010000001110010010110110110010,
011001101010010110101100101000111100011000011000100110010001100101110,
110101011110110011011001010101100001010011011010001010100110111110010,
000100001010010011000001010101011110010101110110011110001110011100101,
101111010001000100001010000101010100101000110011010110011001101110101,
101000111100000111011010001111011011100001011100000100010101000001011,
010001111111100011001011111010110111110101100110111100000011000011110,
010110010100101111001101011011111100111101101000000010101110011010101,
010111101100011000101101001010111101100111000001000010111011000101010,
000110100011111111100001110101111010000010011010010001100001110011011,
000011111000000111100010100011010010101000011001111110100010001011000,
000001000100011110101001111000110111100110011000001000001100010101000,
111101101000000011001001000101100110110111111001111011010011000000100,
001110011111110000101001011101101111101100101111000110011000010111011,
100001100111010101011001100010100010110011010000001101111111111110100,
001000000010111000011100011010100111100111101100011000111111001001001,
